[piano_keys2.jpg]
moddate=6a6e350de4aed501
width=900
height=395
text=8;137;10;C    D    ;Arial Black;0.030444,0.817860,0.115535,6.283185;v1,4289541405,4288293225,128.000000,1.000000,0.000000,1.000000,400,0,49152;;146;19;E    F    G        ;Arial Black;0.234088,0.819783,0.113419,6.283185;v1,4289541405,4288293225,128.000000,1.000000,0.000000,1.000000,400,0,49152;;137;10;C1  D1  E1;Arial Black;0.720883,0.819459,0.105518,0.000000;v1,4289541405,4288293225,128.000000,1.000000,0.000000,1.000000,400,0,49152;;131;5;A    ;Arial Black;0.532408,0.816023,0.115615,0.000000;v1,4289541405,4288293225,128.000000,1.000000,0.000000,1.000000,400,0,49152;;127;1;B;Arial Black;0.633051,0.809455,0.121690,0.000000;v1,4289541405,4288293225,128.000000,1.000000,0.000000,1.000000,400,0,49152;;168;41;C#      D#                 F#      G#    ;Arial Black;0.084221,0.476743,0.064189,0.000000;v1,4294967295,4288293225,128.000000,1.000000,0.000000,1.000000,400,0,49152;;128;2;A#;Arial Black;0.579603,0.474736,0.068221,0.000000;v1,4294967295,4288293225,128.000000,1.000000,0.000000,1.000000,400,0,49152;;140;13;C#1       D#1;Arial Black;0.777275,0.485774,0.051491,0.000000;v1,4294967295,4288293225,128.000000,1.000000,0.000000,1.000000,400,0,49152;;
textactive=1
[keys.jpg]
moddate=df96d9c5e6aed501
width=900
height=58
text=4;163;15;Q   2  W  3   E;Bahnschrift SemiLight Condensed;0.021177,-0.058632,0.925300,6.283185;v1,4288227432,4288293225,128.000000,1.000000,0.000000,1.000000,400,0,49152;;159;11;R   5  T  6;Bahnschrift SemiLight Condensed;0.326154,-0.055459,0.935424,6.283185;v1,4288227432,4288293225,128.000000,1.000000,0.000000,1.000000,400,0,49152;;157;10;Y   7   U ;Bahnschrift SemiLight Condensed;0.538817,0.009017,0.859288,6.283185;v1,4288227432,4288293225,128.000000,1.000000,0.000000,1.000000,400,0,49152;;164;16;I    8  O  9   P;Bahnschrift SemiLight Condensed;0.730217,-0.048230,0.905145,6.283185;v1,4288227432,4288293225,128.000000,1.000000,0.000000,1.000000,400,0,49152;;
textactive=1
